[gd_scene format=3 uid="uid://bjvk8a5n4yyfe"]

[ext_resource type="PackedScene" uid="uid://crpualumjwf" path="res://player.tscn" id="1_w4i62"]
[ext_resource type="PackedScene" uid="uid://p75c6u6u6p2x" path="res://ui.tscn" id="2_8jb3w"]
[ext_resource type="PackedScene" uid="uid://bmaui8vh2x20n" path="res://oscul.tscn" id="3_dm5wp"]
[ext_resource type="PackedScene" uid="uid://d3db1ecasv2nv" path="res://door.tscn" id="5_y2e2y"]
[ext_resource type="PackedScene" uid="uid://squ400ecovdp" path="res://farola.tscn" id="6_ue3y4"]
[ext_resource type="PackedScene" uid="uid://dad6os626kjt6" path="res://palanca.tscn" id="7_0r34a"]
[ext_resource type="PackedScene" uid="uid://cnuvi1dakx7nm" path="res://box.tscn" id="8_3lcsn"]
[ext_resource type="AudioStream" uid="uid://tfq14jv3ym12" path="res://Efectos de sonidos /Ambiente /fx viento oscuro (1).ogg" id="8_lfatq"]
[ext_resource type="PackedScene" uid="uid://cjiyu2w87r7s5" path="res://placpres.tscn" id="9_3lcsn"]
[ext_resource type="PackedScene" uid="uid://ga86f5m5wi7c" path="res://fogatasimple.tscn" id="10_h1k2n"]

[node name="Node3D" type="Node3D" unique_id=1831581789]

[node name="CSGCombiner3D" type="CSGCombiner3D" parent="." unique_id=2068830477]
use_collision = true

[node name="CSGBox3D" type="CSGBox3D" parent="CSGCombiner3D" unique_id=265738592]
transform = Transform3D(1, 0, 0, 0, 1, 0, 0, 0, 1, 11.047146, -0.16099, -0.36124134)
size = Vector3(44.23693, 1.0445557, 34.87854)

[node name="CSGBox3D3" type="CSGBox3D" parent="CSGCombiner3D" unique_id=348409548]
transform = Transform3D(1, 0, 0, 0, 1, 0, 0, 0, 1, 4.587701, -9.220337, -0.9600954)
size = Vector3(23.092735, 2.8388672, 30.473267)

[node name="CSGCylinder3D" type="CSGCylinder3D" parent="CSGCombiner3D" unique_id=588030653]
transform = Transform3D(1, 0, 0, 0, 1, 0, 0, 0, 1, 3.97365, -0.06797284, 0)
operation = 2
radius = 2.8925781
height = 2.782

[node name="CSGBox3D2" type="CSGBox3D" parent="CSGCombiner3D" unique_id=1419748492]
transform = Transform3D(1, 0, 0, 0, 1, 0, 0, 0, 1, 3.2873898, 0.8151455, -15.820012)
size = Vector3(25.341858, 19.410095, 1)

[node name="CSGBox3D4" type="CSGBox3D" parent="CSGCombiner3D" unique_id=1466254879]
transform = Transform3D(1, 0, 0, 0, 1, 0, 0, 0, 1, 3.2873898, 0.8151455, 13.111213)
size = Vector3(25.341858, 19.410095, 1)

[node name="CSGBox3D5" type="CSGBox3D" parent="CSGCombiner3D" unique_id=1230974022]
transform = Transform3D(-0.01985335, -0.065155044, -0.9976777, -0.04035496, 0.99711347, -0.06431514, 0.99898815, 0.038984366, -0.022425368, 15.416409, 0.7277391, -1.4022417)
size = Vector3(29.673737, 19.410095, 1)

[node name="CSGBox3D6" type="CSGBox3D" parent="CSGCombiner3D" unique_id=32178366]
transform = Transform3D(-0.01985335, -0.065155044, -0.9976777, -0.04035496, 0.99711347, -0.06431514, 0.99898815, 0.038984366, -0.022425368, -8.077656, 0.7277391, -1.4022417)
size = Vector3(29.673737, 19.410095, 1)

[node name="CSGBox3D7" type="CSGBox3D" parent="CSGCombiner3D" unique_id=1057940191]
transform = Transform3D(-0.01985335, -0.065155044, -0.9976777, -0.04035496, 0.99711347, -0.06431514, 0.99898815, 0.038984366, -0.022425368, 15.469171, -4.462615, 0.78381157)
operation = 2
size = Vector3(4.648731, 6.445053, 1.6639404)

[node name="CSGBox3D8" type="CSGBox3D" parent="CSGCombiner3D" unique_id=1252837219]
transform = Transform3D(-0.01985335, -0.065155044, -0.9976777, -0.04035496, 0.99711347, -0.06431514, 0.99898815, 0.038984366, -0.022425368, 20.743565, -4.289678, 3.039044)
size = Vector3(0.31545448, 6.445053, 9.760681)

[node name="CSGBox3D9" type="CSGBox3D" parent="CSGCombiner3D" unique_id=164544117]
transform = Transform3D(-0.01985335, -0.065155044, -0.9976777, -0.04035496, 0.99711347, -0.06431514, 0.99898815, 0.038984366, -0.022425368, 20.743565, -4.289678, -1.4543099)
size = Vector3(0.31545448, 6.445053, 9.760681)

[node name="CSGBox3D10" type="CSGBox3D" parent="CSGCombiner3D" unique_id=436189110]
transform = Transform3D(-0.01985335, -0.065155044, -0.9976777, -0.04035496, 0.99711347, -0.06431514, 0.99898815, 0.038984366, -0.022425368, 20.70741, -7.1444545, 0.77957845)
size = Vector3(4.648731, 0.4139328, 11.770935)

[node name="player" parent="." unique_id=1580555560 instance=ExtResource("1_w4i62")]
transform = Transform3D(-0.5705416, 0, -0.82126874, 0, 1, 0, 0.82126874, 0, -0.5705416, 0, 1.485522, 0)
metadata/_edit_lock_ = true

[node name="CanvasLayer" parent="." unique_id=1289846114 instance=ExtResource("2_8jb3w")]

[node name="AudioStreamPlayer" type="AudioStreamPlayer" parent="." unique_id=397392950]
stream = ExtResource("8_lfatq")
volume_db = -2.0
autoplay = true

[node name="StaticBody3D" parent="." unique_id=1401758132 node_paths=PackedStringArray("obje") instance=ExtResource("7_0r34a")]
transform = Transform3D(1, 0, 0, 0, 1, 0, 0, 0, 1, -5.47433, -7.6874123, 0)
obje = NodePath("../AnimatableBody3D")

[node name="AnimatableBody3D" parent="." unique_id=1450332812 instance=ExtResource("5_y2e2y")]
transform = Transform3D(-1.11474876e-07, 0, 0.76665306, 0, 2.6055872, 0, -2.550248, 0, -3.351147e-08, 15.712455, -4.482265, 0.8356669)

[node name="Area3D" parent="." unique_id=991904245 instance=ExtResource("3_dm5wp")]
transform = Transform3D(1, 0, 0, 0, 1, 0, 0, 0, 1, 0, -4.602355, 0)

[node name="CollisionShape3D" parent="Area3D" index="0" unique_id=901691573]
transform = Transform3D(1, 0, 0, 0, 1, 0, 0, 0, 1, 5.9552536, -5.1171, -1.4941101)

[node name="farola" parent="." unique_id=1870643421 instance=ExtResource("6_ue3y4")]
transform = Transform3D(1, 0, 0, 0, 1, 0, 0, 0, 1, 1.5800538, -7.1688395, -1.5918984)

[node name="StaticBody3D2" parent="." unique_id=2035540868 node_paths=PackedStringArray("obje") instance=ExtResource("7_0r34a")]
transform = Transform3D(1, 0, 0, 0, 1, 0, 0, 0, 1, 25.412716, -6.574423, 0.59441185)
obje = NodePath("../farola")

[node name="box" parent="." unique_id=581708404 groups=["pesado"] instance=ExtResource("8_3lcsn")]
transform = Transform3D(1, 0, 0, 0, 1, 0, 0, 0, 1, 0.37466645, 1.4394658, 2.4764695)

[node name="box2" parent="." unique_id=1377836200 groups=["pesado"] instance=ExtResource("8_3lcsn")]
transform = Transform3D(1, 0, 0, 0, 1, 0, 0, 0, 1, 1.3157017, 1.4394658, 3.1446514)

[node name="Area3D2" parent="." unique_id=1242632909 instance=ExtResource("9_3lcsn")]
transform = Transform3D(1, 0, 0, 0, 1, 0, 0, 0, 1, 0, 0.4587109, 4.9905033)

[node name="lus" parent="." unique_id=1826984970 instance=ExtResource("10_h1k2n")]
transform = Transform3D(1, 0, 0, 0, 1, 0, 0, 0, 1, 0, 0.50177145, -1.5706131)

[editable path="Area3D"]
